DATA: (2000, 3) treated: 600 control: 1400 unique y: 2000
SUMMARY BY X
           y                                          z                               
        mean       std        min        max       mean       std       min        max
x                                                                                     
0  57.349521  8.410705  45.024148  74.917508   8.640800  3.758395 -0.997900  18.878692
1  66.068191  5.220611  56.994643  74.987632  14.104329  3.906276  2.382149  23.665431
Minimum treated y: 56.99464278926244 rank among all baseline y: 794
Control count above minimum treated y: 607
Mean difference z: 5.4635287289813
Correlations y,z overall/control/treated: 0.5399252721284332 0.40459070777114725 0.3497438894360145
Quantiles y by x
x      
0  0.00    45.024148
   0.10    47.294778
   0.25    50.147627
   0.50    55.415745
   0.75    64.092127
   0.90    70.306500
   1.00    74.917508
1  0.00    56.994643
   0.10    58.798329
   0.25    61.902374
   0.50    66.053868
   0.75    70.369952
   0.90    73.453671
   1.00    74.987632
BIN SUMMARY
             size       mean       std
bin       x                           
[0, 5)    0     0        NaN       NaN
          1     0        NaN       NaN
[5, 10)   0     0        NaN       NaN
          1     0        NaN       NaN
[10, 15)  0     0        NaN       NaN
          1     0        NaN       NaN
[15, 20)  0     0        NaN       NaN
          1     0        NaN       NaN
[20, 25)  0     0        NaN       NaN
          1     0        NaN       NaN
[25, 30)  0     0        NaN       NaN
          1     0        NaN       NaN
[30, 35)  0     0        NaN       NaN
          1     0        NaN       NaN
[35, 40)  0     0        NaN       NaN
          1     0        NaN       NaN
[40, 45)  0     0        NaN       NaN
          1     0        NaN       NaN
[45, 50)  0   339   6.727528  3.428210
          1     0        NaN       NaN
[50, 55)  0   325   8.040289  3.658301
          1     0        NaN       NaN
[55, 60)  0   248   8.481461  3.456176
          1    98  11.525917  3.800446
[60, 65)  0   161   9.469875  3.454198
          1   172  13.622137  3.427690
[65, 70)  0   173  10.543818  3.125811
          1   161  14.463122  3.845767
[70, 75)  0   154  11.371825  3.296666
          1   169  15.748445  3.614276
[75, 80)  0     0        NaN       NaN
          1     0        NaN       NaN
[80, 85)  0     0        NaN       NaN
          1     0        NaN       NaN
[85, 90)  0     0        NaN       NaN
          1     0        NaN       NaN
[90, 95)  0     0        NaN       NaN
          1     0        NaN       NaN
[95, 100) 0     0        NaN       NaN
          1     0        NaN       NaN
OLS (descriptive) z~x+y, x*y; HC3
['x', 'y'] {'const': np.float64(-2.384659722149924), 'x': np.float64(3.7873623340753886), 'y': np.float64(0.19225024771795213)} {'const': np.float64(0.5860053473986275), 'x': np.float64(0.19503549275648713), 'y': np.float64(0.010000994466624074)}
['x', 'y', 'xy'] {'const': np.float64(-1.727694724537396), 'x': np.float64(-1.4575435511403896), 'y': np.float64(0.18079479026795497), 'xy': np.float64(0.08089796592771215)} {'const': np.float64(0.6228685899624858), 'x': np.float64(1.9859212105645536), 'y': np.float64(0.01064165708200848), 'xy': np.float64(0.030335083306867718)}
Near-threshold raw means and counts
2 129 150 8.84470183800445 9.59034164090597 64 86
3 208 216 8.704647214876072 9.643647853956853 97 119
5 337 343 8.564910937320237 10.068740211577971 157 186
7 454 494 8.26885575847303 10.712286189059691 239 255
10 670 678 7.753374054724981 11.10532452716878 334 344
15 793 1023 7.609952920407316 11.675295469739128 497 526
