VERSIONS 3.12.14 2.3.5 2.2.3 1.17.0
COMPLETE DATA (2000, 3) missing 0 duplicate rows 0
      n      y_min      y_max     y_mean    z_mean      z_sd
x                                                           
0  1400  45.007034  74.991459  56.863686   9.39317  4.058093
1   600  58.212771  74.971556  67.072649  13.01891  3.784800
BINS
              bin  x   n    y_mean    z_mean     z_sd
(45.007, 46.506]  0 103 45.747556  6.329186 3.599451
(45.007, 46.506]  1   0       NaN       NaN      NaN
(46.506, 48.005]  0 105 47.171411  7.519009 3.759458
(46.506, 48.005]  1   0       NaN       NaN      NaN
(48.005, 49.505]  0 104 48.744310  7.296052 3.709445
(48.005, 49.505]  1   0       NaN       NaN      NaN
(49.505, 51.004]  0 103 50.321621  7.262567 3.450009
(49.505, 51.004]  1   0       NaN       NaN      NaN
(51.004, 52.503]  0  89 51.721106  8.382974 3.643347
(51.004, 52.503]  1   0       NaN       NaN      NaN
(52.503, 54.002]  0  93 53.204835  8.706951 3.790619
(52.503, 54.002]  1   0       NaN       NaN      NaN
(54.002, 55.502]  0 101 54.738755  9.067035 3.654628
(54.002, 55.502]  1   0       NaN       NaN      NaN
(55.502, 57.001]  0  86 56.230230  9.243129 3.722516
(55.502, 57.001]  1   0       NaN       NaN      NaN
  (57.001, 58.5]  0  98 57.762421  9.910791 3.282131
  (57.001, 58.5]  1  11 58.341837 10.610571 3.279521
  (58.5, 59.999]  0  71 59.168217 10.004161 3.148948
  (58.5, 59.999]  1  45 59.160478 11.147248 3.784678
(59.999, 61.498]  0  48 60.622438 10.693838 3.306265
(59.999, 61.498]  1  59 60.718584 11.232268 3.572644
(61.498, 62.998]  0  55 62.197652 10.575737 3.488671
(61.498, 62.998]  1  44 62.328017 11.716642 4.143039
(62.998, 64.497]  0  60 63.671254 11.362363 3.692923
(62.998, 64.497]  1  41 63.800698 12.096224 2.696807
(64.497, 65.996]  0  39 65.223942 11.624627 3.609948
(64.497, 65.996]  1  49 65.233604 12.195850 4.103647
(65.996, 67.495]  0  49 66.714650 11.808077 3.297856
(65.996, 67.495]  1  51 66.671014 13.358509 3.376608
(67.495, 68.995]  0  40 68.257547 10.973400 3.899921
(67.495, 68.995]  1  52 68.162249 13.197026 3.399134
(68.995, 70.494]  0  40 69.739333 11.962830 3.423047
(68.995, 70.494]  1  59 69.773218 13.867421 3.181105
(70.494, 71.993]  0  40 71.301428 13.382232 3.090976
(70.494, 71.993]  1  71 71.353243 13.682340 3.434481
(71.993, 73.492]  0  41 72.639356 12.907468 3.885080
(71.993, 73.492]  1  57 72.838744 14.497753 3.704490
(73.492, 74.991]  0  35 74.297297 13.243601 3.823020
(73.492, 74.991]  1  61 74.153045 15.372135 3.715788
Treated outside control y range 0
Controls above min treated 536
TREATED Y QUANTILES {0.0: 58.212770522843385, 0.01: 58.37905054907474, 0.1: 60.0719808250452, 0.25: 62.77687513787895, 0.5: 67.49451725684276, 0.75: 71.47370376706564, 0.9: 73.50075292581538, 0.99: 74.7252904761642, 1.0: 74.9715557039445}
CONTROL Y QUANTILES {0.0: 45.007034485333925, 0.01: 45.14071590704514, 0.1: 46.94674696836778, 0.25: 50.11193053250775, 0.5: 55.53537708327673, 0.75: 62.79348469633239, 0.9: 69.56701711787512, 0.99: 74.49288825991917, 1.0: 74.9914589085115}
Additive polynomial degree 1 treatment 1.1587302240431734 HC3 SE 0.20637243939772107 R2 0.31638954042181366
Additive polynomial degree 2 treatment 1.1586060318689249 HC3 SE 0.2064889310296914 R2 0.31642877197569486
Additive polynomial degree 3 treatment 1.1903912773537275 HC3 SE 0.20973441045016195 R2 0.3166933425546036
Additive polynomial degree 4 treatment 1.1807094666875808 HC3 SE 0.20977954609350485 R2 0.3169964432173865
Additive polynomial degree 5 treatment 1.1823571269786934 HC3 SE 0.2103793377064368 R2 0.3169999538224967
Outputs: group_summary.csv, starting_score_bins.csv, raw_data_and_overlap.png
