cutoff 57.35599040912017
                n    ptreat
bin                        
(45.0, 47.5]  157  0.000000
(47.5, 50.0]  165  0.000000
(50.0, 52.5]  158  0.000000
(52.5, 55.0]  174  0.000000
(55.0, 57.5]  179  0.044693
(57.5, 60.0]  158  0.405063
(60.0, 62.5]  173  0.456647
(62.5, 65.0]  162  0.444444
(65.0, 67.5]  154  0.500000
(67.5, 70.0]  188  0.585106
(70.0, 72.5]  178  0.528090
(72.5, 75.0]  154  0.623377
              size       mean       std
bin                                    
(45.0, 47.5]   157   6.894332  3.370365
(47.5, 50.0]   165   7.005561  3.649698
(50.0, 52.5]   158   7.413959  3.615483
(52.5, 55.0]   174   8.678024  3.583723
(55.0, 57.5]   171   9.729286  3.705394
(57.5, 60.0]    94  10.467681  3.532863
(60.0, 62.5]    94  10.324732  3.651508
(62.5, 65.0]    90  10.970895  3.301787
(65.0, 67.5]    77  10.578393  3.662690
(67.5, 70.0]    78  12.825083  3.530121
(70.0, 72.5]    84  12.484573  3.340028
(72.5, 75.0]    58  12.735978  3.705844
              size       mean       std
bin                                    
(55.0, 57.5]     8  11.528035  2.555889
(57.5, 60.0]    64  10.736135  3.391257
(60.0, 62.5]    79  10.901303  3.819897
(62.5, 65.0]    72  12.165926  3.081439
(65.0, 67.5]    77  12.178563  3.542632
(67.5, 70.0]   110  13.443083  3.648699
(70.0, 72.5]    94  14.288535  3.860520
(72.5, 75.0]    96  14.784679  3.589270
naive 3.4488763319610527
