      y                                                           z                                                     
  count       mean       std        min     median        max count       mean       std       min     median        max
x                                                                                                                       
0  1400  60.275083  8.655306  45.011261  60.417480  74.983621  1400   9.994118  4.239446 -0.397835   9.985831  21.927346
1   600  59.853373  8.543402  45.083423  59.131187  74.941962   600  11.104341  4.524213 -0.187897  11.076176  22.873419

Quantiles by assignment:
                y          z
x                           
0 0.00  45.011261  -0.397835
  0.01  45.362502   0.947466
  0.05  46.406871   3.053708
  0.10  48.280963   4.428486
  0.25  52.702716   6.930884
  0.50  60.417480   9.985831
  0.75  67.586821  13.078873
  0.90  72.160326  15.534490
  0.95  73.844240  17.118508
  0.99  74.792918  19.094858
  1.00  74.983621  21.927346
1 0.00  45.083423  -0.187897
  0.01  45.407439   0.414777
  0.05  46.475482   4.007296
  0.10  47.997336   5.510101
  0.25  52.890631   7.856160
  0.50  59.131187  11.076176
  0.75  67.382915  14.198434
  0.90  71.516260  17.134629
  0.95  73.272459  18.597713
  0.99  74.670760  20.819311
  1.00  74.941962  22.873419

Correlations within arms:
0           y         z
y  1.000000  0.504193
z  0.504193  1.000000
1           y         z
y  1.000000  0.538943
z  0.538943  1.000000

Baseline bands:
                      y                          z                     
                 count       mean       std count       mean       std
baseline_band  x                                                      
(-0.001, 20.0] 0     0        NaN       NaN     0        NaN       NaN
               1     0        NaN       NaN     0        NaN       NaN
(20.0, 40.0]   0     0        NaN       NaN     0        NaN       NaN
               1     0        NaN       NaN     0        NaN       NaN
(40.0, 60.0]   0   674  52.539640  4.343910   674   8.019047  3.763883
               1   317  52.812911  4.304429   317   9.220370  3.975541
(60.0, 80.0]   0   726  67.456473  4.446494   726  11.827724  3.812814
               1   283  67.739686  4.017686   283  13.214655  4.160271
(80.0, 100.0]  0     0        NaN       NaN     0        NaN       NaN
               1     0        NaN       NaN     0        NaN       NaN

Outputs: group_summary.csv, exploratory_bands.csv, input_validation.json
