cutoff (min treated y) 56.99464278926244
controls with y>=c: 607  controls y<c: 793 treated y<c: 0
              count             mean           
x                 0     1          0          1
bin                                            
(45.0, 47.5]  155.0   NaN   6.614755        NaN
(47.5, 50.0]  184.0   NaN   6.822527        NaN
(50.0, 52.5]  153.0   NaN   7.461723        NaN
(52.5, 55.0]  172.0   NaN   8.554944        NaN
(55.0, 57.5]  154.0  15.0   8.776323  12.122028
(57.5, 60.0]   94.0  83.0   7.998390  11.418186
(60.0, 62.5]   83.0  84.0   9.282584  13.263451
(62.5, 65.0]   78.0  88.0   9.669172  13.964519
(65.0, 67.5]   81.0  86.0  10.301961  14.241242
(67.5, 70.0]   92.0  75.0  10.756758  14.717544
(70.0, 72.5]   85.0  80.0  11.119454  15.404084
(72.5, 75.0]   69.0  89.0  11.682716  16.057982
bin
(45.0, 47.5]    0.000000
(47.5, 50.0]    0.000000
(50.0, 52.5]    0.000000
(52.5, 55.0]    0.000000
(55.0, 57.5]    0.088757
(57.5, 60.0]    0.468927
(60.0, 62.5]    0.502994
(62.5, 65.0]    0.530120
(65.0, 67.5]    0.514970
(67.5, 70.0]    0.449102
(70.0, 72.5]    0.484848
(72.5, 75.0]    0.563291
Name: x, dtype: float64
bin
(45.0, 47.5]     6.614755
(47.5, 50.0]     6.822527
(50.0, 52.5]     7.461723
(52.5, 55.0]     8.554944
(55.0, 57.5]     9.073279
(57.5, 60.0]     9.602023
(60.0, 62.5]    11.284936
(62.5, 65.0]    11.946223
(65.0, 67.5]    12.330573
(67.5, 70.0]    12.535554
(70.0, 72.5]    13.196850
(72.5, 75.0]    14.147265
Name: z, dtype: float64
