cutoff 56.99464278926244
     h  deg     n  first_stage  ITT_jump   LATE     se     lo     hi
0    4    1   555        0.406    -0.226 -0.556  1.750 -3.985  2.873
1    6    1   812        0.403    -0.219 -0.543  1.433 -3.352  2.266
2    8    1  1084        0.405    -0.209 -0.516  1.225 -2.917  1.885
3   10    1  1348        0.416    -0.089 -0.213  1.064 -2.299  1.872
4   12    1  1602        0.432     0.090  0.209  0.931 -1.617  2.034
5   15    1  1816        0.450     0.317  0.703  0.815 -0.895  2.302
6   20    1  2000        0.459     0.493  1.074  0.746 -0.387  2.535
7   30    1  2000        0.459     0.566  1.231  0.728 -0.195  2.658
8   10    2  1348        0.391    -0.354 -0.905  1.695 -4.228  2.417
9   15    2  1816        0.397    -0.393 -0.989  1.406 -3.745  1.767
10  20    2  2000        0.427    -0.207 -0.485  1.208 -2.852  1.883
11  30    2  2000        0.442    -0.119 -0.269  1.142 -2.507  1.969
12  20    3  2000        0.371    -0.475 -1.282  1.877 -4.962  2.397
13  30    3  2000        0.366    -0.484 -1.323  1.884 -5.016  2.370

Naive diff in means: 5.4635287289813
OLS z~x+y, all: (np.float64(3.787362334075457), np.float64(0.1946659801512407))
OLS z~x+y, y>=cutoff: (np.float64(4.005686753299103), np.float64(0.20058526102951282))

Density counts below/above cutoff within h:
1 55 71
2 129 150
3 208 216
5 337 343
10 670 678

Treated share above cutoff, by u-bin:
u
(0, 2]      0.422819
(2, 5]      0.481865
(5, 10]     0.528358
(10, 20]    0.502836
Name: x, dtype: float64
