Versions: 3.12.14 2.3.5 2.2.3 1.17.0
Shape: (2000, 3) missing: {'x': 0, 'y': 0, 'z': 0}
      n     y_mean      y_sd      y_min      y_max     z_mean      z_sd     z_min      z_max
x                                                                                           
0  1400  59.910020  8.730545  45.022076  74.977146   9.911158  4.114024 -1.017535  20.635242
1   600  59.157726  8.802577  45.058392  74.930876  10.758905  4.501767 -0.122172  23.342384
Follow-up range: 44.94901124169688 97.05965146318883
Correlation by group:             y         z
x                      
0 y  1.000000  0.468615
  z  0.468615  1.000000
1 y  1.000000  0.512183
  z  0.512183  1.000000
Baseline deciles:
                       n     y_mean     z_mean      z_sd
baseline_decile  x                                     
(45.021, 47.725] 0  129  46.352603   6.887896  3.626380
                 1   71  46.438687   6.955027  3.791951
(47.725, 50.439] 0  142  48.957938   7.536907  3.434749
                 1   58  48.980509   8.270071  3.787985
(50.439, 53.546] 0  133  52.085788   7.976315  3.591202
                 1   67  52.048603   8.757930  3.351836
(53.546, 56.502] 0  139  55.119160   8.863990  3.490882
                 1   61  54.937513  10.130782  3.723075
(56.502, 59.519] 0  140  57.979002   9.652702  3.713318
                 1   60  57.956652  11.097343  4.372798
(59.519, 62.424] 0  143  61.005495  10.411873  3.490026
                 1   57  61.041339  11.080866  3.968682
(62.424, 65.772] 0  153  64.172752  10.719071  3.798016
                 1   47  63.908477  11.489160  4.114482
(65.772, 68.946] 0  135  67.492006  11.380173  3.817242
                 1   65  67.489566  13.116766  4.021458
(68.946, 71.84]  0  140  70.379004  12.260832  3.621254
                 1   60  70.205177  13.476096  3.924004
(71.84, 74.977]  0  146  73.491669  12.950436  3.846682
                 1   54  73.307195  14.416977  3.800607
Outputs: group_summary.csv, baseline_decile_summary.csv, data_checks.json
