(2000, 3)
x      int64
y    float64
z    float64
dtype: object
   x          y          z
0  1  59.128121   8.462545
1  0  50.979489   7.849339
2  0  55.594731  12.857334
3  0  57.248510  13.636845
4  1  64.517249  19.292408
x    0
y    0
z    0
dtype: int64
                 x            y            z
count  2000.000000  2000.000000  2000.000000
mean      0.300000    59.926375    10.480892
std       0.458372     8.675509     4.310411
min       0.000000    45.007034    -1.792249
25%       0.000000    52.465353     7.364445
50%       0.000000    59.806094    10.575535
75%       1.000000    67.457450    13.465846
max       1.000000    74.991459    23.193163
x                  0           1
y count  1400.000000  600.000000
  mean     56.863686   67.072649
  std       8.117316    4.919851
  min      45.007034   58.212771
  25%      50.111931   62.776875
  50%      55.535377   67.494517
  75%      62.793485   71.473704
  max      74.991459   74.971556
z count  1400.000000  600.000000
  mean      9.393170   13.018910
  std       4.058093    3.784800
  min      -1.792249    2.838600
  25%       6.511535   10.211159
  50%       9.577633   13.021778
  75%      12.378226   15.969442
  max      21.733952   23.193163
min y treated: 58.212770522843385  max y treated: 74.9715557039445
controls with y >= min treated y: 536
naive diff in mean z: 3.6257396604900087
                    n  n_treat  p_treat    z_treat     z_ctrl
bin                                                          
(45.006, 46.485]  100        0     0.00        NaN   6.475642
(46.485, 47.839]  100        0     0.00        NaN   7.277244
(47.839, 49.345]  100        0     0.00        NaN   7.236864
(49.345, 50.885]  100        0     0.00        NaN   7.246174
(50.885, 52.465]  100        0     0.00        NaN   8.332728
(52.465, 54.027]  100        0     0.00        NaN   8.736109
(54.027, 55.54]   100        0     0.00        NaN   9.137800
(55.54, 57.356]   100        0     0.00        NaN   9.218019
(57.356, 58.552]  100       13     0.13  10.975140  10.112148
(58.552, 59.806]  100       41     0.41  10.815123   9.873835
(59.806, 61.167]  100       51     0.51  11.733087  10.428822
(61.167, 62.783]  100       46     0.46  11.119276  10.809563
(62.783, 64.298]  100       42     0.42  12.396579  11.265142
(64.298, 65.929]  100       53     0.53  11.848472  11.492307
(65.929, 67.457]  100       52     0.52  13.428523  11.772181
(67.457, 69.079]  100       56     0.56  13.310607  10.944216
(69.079, 70.579]  100       60     0.60  13.818044  12.113037
(70.579, 71.923]  100       64     0.64  13.700290  13.467602
(71.923, 73.462]  100       58     0.58  14.519983  12.830984
(73.462, 74.991]  100       64     0.64  15.234565  13.304309
