                 x            y            z
count  2000.000000  2000.000000  2000.000000
mean      0.300000    59.965122    10.279859
std       0.458372     8.581691     4.552996
min       0.000000    45.024148    -0.997900
25%       0.000000    52.646519     7.057042
50%       0.000000    59.863867    10.092914
75%       1.000000    67.362369    13.367299
max       1.000000    74.987632    23.665431
min y treated 56.99464278926244
treated below cutoff: 0 n below 793
n above 1207 treated share above 0.4971002485501243
                n        px       zbar       ybar
bin                                              
[45.0, 47.5)  155  0.000000   6.614755  46.212100
[47.5, 50.0)  184  0.000000   6.822527  48.817098
[50.0, 52.5)  153  0.000000   7.461723  51.272656
[52.5, 55.0)  172  0.000000   8.554944  53.824724
[55.0, 57.5)  169  0.088757   9.073279  56.267906
[57.5, 60.0)  177  0.468927   9.602023  58.745386
[60.0, 62.5)  167  0.502994  11.284936  61.299734
[62.5, 65.0)  166  0.530120  11.946223  63.655004
[65.0, 67.5)  167  0.514970  12.330573  66.332528
[67.5, 70.0)  167  0.449102  12.535554  68.805445
[70.0, 72.5)  165  0.484848  13.196850  71.166316
[72.5, 75.0)  158  0.563291  14.147265  73.803633
Naive diff 5.4635287289813
