cutoff 56.99464278926244
     h  order kernel     n  first_stage  fs_se  reduced_form  rf_se    tau     se     lo     hi
0    3      1    tri   424        0.397  0.073        -0.211  0.801 -0.531  2.058 -4.565  3.502
1    3      1   unif   424        0.393  0.066        -0.078  0.730 -0.199  1.869 -3.863  3.465
2    4      1    tri   555        0.406  0.063        -0.226  0.701 -0.556  1.756 -3.998  2.886
3    4      1   unif   555        0.417  0.058        -0.176  0.635 -0.422  1.543 -3.446  2.602
4    5      1    tri   680        0.416  0.057        -0.102  0.629 -0.246  1.522 -3.230  2.738
5    5      1   unif   680        0.402  0.052         0.054  0.573  0.136  1.421 -2.649  2.921
6    6      1    tri   812        0.403  0.052        -0.219  0.570 -0.543  1.437 -3.359  2.273
7    6      1   unif   812        0.377  0.047        -0.594  0.518 -1.577  1.448 -4.415  1.261
8    8      1    tri  1084        0.405  0.045        -0.209  0.490 -0.516  1.227 -2.922  1.889
9    8      1   unif  1084        0.416  0.042        -0.012  0.450 -0.029  1.083 -2.153  2.094
10  10      1    tri  1348        0.416  0.041        -0.089  0.441 -0.213  1.066 -2.302  1.876
11  10      1   unif  1348        0.440  0.037         0.090  0.407  0.203  0.918 -1.596  2.003
12  12      1    tri  1602        0.432  0.037         0.090  0.405  0.209  0.932 -1.619  2.036
13  12      1   unif  1602        0.467  0.034         0.499  0.374  1.068  0.777 -0.455  2.592
14  15      1    tri  1816        0.450  0.033         0.317  0.374  0.703  0.816 -0.897  2.303
15  15      1   unif  1816        0.476  0.031         0.667  0.355  1.401  0.722 -0.013  2.816
16  18      1    tri  2000        0.459  0.031         0.453  0.357  0.987  0.761 -0.504  2.478
17  18      1   unif  2000        0.460  0.028         0.652  0.341  1.418  0.720  0.007  2.829
18   3      2    tri   424        0.402  0.108         0.261  1.109  0.650  2.699 -4.639  5.939
19   3      2   unif   424        0.402  0.100        -0.344  1.058 -0.857  2.719 -6.186  4.472
20   4      2    tri   555        0.387  0.093        -0.032  0.989 -0.084  2.562 -5.105  4.938
21   4      2   unif   555        0.390  0.087        -0.206  0.932 -0.528  2.432 -5.294  4.238
22   5      2    tri   680        0.390  0.084        -0.226  0.902 -0.580  2.360 -5.205  4.046
23   5      2   unif   680        0.437  0.077        -0.282  0.843 -0.646  1.972 -4.512  3.220
24   6      2    tri   812        0.419  0.075        -0.025  0.826 -0.060  1.976 -3.933  3.813
25   6      2   unif   812        0.443  0.071         0.341  0.770  0.769  1.703 -2.568  4.107
26   8      2    tri  1084        0.403  0.066        -0.218  0.723 -0.540  1.824 -4.115  3.035
27   8      2   unif  1084        0.387  0.062        -0.526  0.676 -1.357  1.826 -4.937  2.222
28  10      2    tri  1348        0.391  0.058        -0.354  0.645 -0.905  1.699 -4.235  2.424
29  10      2   unif  1348        0.382  0.055        -0.336  0.599 -0.880  1.612 -4.040  2.280
30  12      2    tri  1602        0.386  0.054        -0.433  0.588 -1.122  1.580 -4.219  1.975
31  12      2   unif  1602        0.379  0.050        -0.523  0.549 -1.379  1.517 -4.353  1.595
32  15      2    tri  1816        0.397  0.048        -0.393  0.543 -0.989  1.408 -3.750  1.771
33  15      2   unif  1816        0.411  0.045        -0.345  0.520 -0.839  1.296 -3.379  1.701
34  18      2    tri  2000        0.415  0.044        -0.277  0.518 -0.668  1.269 -3.156  1.820
35  18      2   unif  2000        0.459  0.042        -0.032  0.500 -0.069  1.092 -2.210  2.072
