cutoff c = 55.59294297736875
   h kernel  p    n  n_below  n_above  fs_jump  fs_se  rf_jump  rf_se   late  late_se
 2.0    tri  1  293      145      148    0.448  0.092   -0.563  0.934 -1.256    2.207
 2.0    uni  1  293      145      148    0.462  0.084   -0.337  0.866 -0.729    1.931
 3.0    tri  1  424      212      212    0.456  0.072   -0.335  0.748 -0.733    1.687
 3.0    uni  1  424      212      212    0.435  0.065   -0.065  0.694 -0.151    1.604
 4.0    tri  1  574      303      271    0.459  0.062   -0.010  0.651 -0.021    1.417
 4.0    uni  1  574      303      271    0.470  0.057    0.022  0.595  0.046    1.265
 5.0    tri  1  698      357      341    0.471  0.056    0.087  0.590  0.184    1.245
 5.0    uni  1  698      357      341    0.479  0.051    0.201  0.547  0.420    1.128
 6.0    tri  1  832      423      409    0.472  0.051    0.262  0.546  0.556    1.136
 6.0    uni  1  832      423      409    0.466  0.047    0.579  0.508  1.244    1.050
 8.0    tri  1 1108      565      543    0.465  0.045    0.378  0.479  0.814    1.005
 8.0    uni  1 1108      565      543    0.447  0.041    0.295  0.442  0.659    0.968
10.0    tri  1 1355      704      651    0.461  0.041    0.409  0.435  0.887    0.917
10.0    uni  1 1355      704      651    0.455  0.038    0.674  0.401  1.481    0.846
19.4    tri  1 2000      758     1242    0.425  0.030    0.647  0.350  1.522    0.794
19.4    uni  1 2000      758     1242    0.407  0.027    0.664  0.334  1.630    0.793
 2.0    tri  2  293      145      148    0.434  0.139   -1.309  1.363 -3.018    3.732
 2.0    uni  2  293      145      148    0.426  0.130   -0.851  1.284 -1.999    3.348
 3.0    tri  2  424      212      212    0.450  0.112   -0.822  1.115 -1.826    2.714
 3.0    uni  2  424      212      212    0.494  0.105   -0.804  1.063 -1.628    2.320
 4.0    tri  2  574      303      271    0.446  0.096   -0.705  0.963 -1.581    2.329
 4.0    uni  2  574      303      271    0.441  0.088   -0.055  0.898 -0.124    2.046
 5.0    tri  2  698      357      341    0.441  0.083   -0.396  0.854 -0.898    2.009
 5.0    uni  2  698      357      341    0.458  0.077   -0.098  0.803 -0.213    1.767
 6.0    tri  2  832      423      409    0.458  0.075   -0.356  0.778 -0.777    1.750
 6.0    uni  2  832      423      409    0.482  0.070   -0.172  0.733 -0.358    1.542
 8.0    tri  2 1108      565      543    0.475  0.064    0.055  0.677  0.116    1.421
 8.0    uni  2 1108      565      543    0.490  0.060    0.489  0.643  0.999    1.272
10.0    tri  2 1355      704      651    0.472  0.058    0.168  0.615  0.357    1.288
10.0    uni  2 1355      704      651    0.470  0.055    0.016  0.581  0.034    1.233
19.4    tri  2 2000      758     1242    0.464  0.043    0.178  0.507  0.384    1.082
19.4    uni  2 2000      758     1242    0.451  0.040    0.256  0.491  0.567    1.073
