cutoff 55.59294297736875
   h    quantity  estimate  boot_se  ci_lo  ci_hi
 4.0     m_below     9.784    0.422  8.923 10.581
 4.0        m_c0     7.958    0.585  6.804  9.137
 4.0        m_c1    11.911    0.589 10.738 12.990
 4.0           p     0.459    0.063  0.338  0.583
 4.0        m_a0    11.931    1.311  9.679 14.602
 4.0   selection     3.973    1.689  0.878  7.411
 4.0       att_c    -0.020    1.416 -2.915  2.459
 4.0     naive_c     3.953    0.826  2.349  5.541
 4.0 nonapp_jump    -1.826    0.717 -3.247 -0.365
 6.0     m_below     9.638    0.365  8.947 10.396
 6.0        m_c0     8.054    0.501  7.190  9.137
 6.0        m_c1    11.969    0.509 10.993 12.969
 6.0           p     0.472    0.053  0.370  0.576
 6.0        m_a0    11.411    1.047  9.441 13.562
 6.0   selection     3.357    1.383  0.536  6.132
 6.0       att_c     0.558    1.164 -1.774  2.740
 6.0     naive_c     3.915    0.717  2.460  5.198
 6.0 nonapp_jump    -1.583    0.615 -2.717 -0.272
 8.0     m_below     9.474    0.315  8.858 10.084
 8.0        m_c0     8.048    0.458  7.168  8.975
 8.0        m_c1    11.929    0.445 11.018 12.776
 8.0           p     0.465    0.047  0.369  0.559
 8.0        m_a0    11.115    0.968  9.449 13.126
 8.0   selection     3.068    1.294  0.704  5.828
 8.0       att_c     0.813    1.073 -1.490  2.652
 8.0     naive_c     3.881    0.632  2.661  5.140
 8.0 nonapp_jump    -1.426    0.561 -2.517 -0.341
10.0     m_below     9.445    0.289  8.877  9.996
10.0        m_c0     8.087    0.398  7.387  8.914
10.0        m_c1    11.919    0.416 11.063 12.720
10.0           p     0.461    0.042  0.378  0.543
10.0        m_a0    11.034    0.870  9.487 12.919
10.0   selection     2.947    1.146  0.846  5.396
10.0       att_c     0.885    0.952 -1.082  2.701
10.0     naive_c     3.832    0.590  2.571  4.995
10.0 nonapp_jump    -1.358    0.500 -2.309 -0.392
19.4     m_below     9.255    0.248  8.772  9.734
19.4        m_c0     8.214    0.275  7.690  8.763
19.4        m_c1    12.178    0.310 11.564 12.779
19.4           p     0.425    0.029  0.371  0.481
19.4        m_a0    10.664    0.723  9.273 12.068
19.4   selection     2.450    0.901  0.658  4.178
19.4       att_c     1.514    0.765  0.000  2.996
19.4     naive_c     3.964    0.426  3.126  4.755
19.4 nonapp_jump    -1.041    0.376 -1.753 -0.283
