cutoff 55.59294297736875
     h  order kernel     n  n_treated  jump_z  se_jump_z  jump_x  se_jump_x  effect     se     lo     hi
0    3      1    tri   424        100  -0.335      0.748   0.456      0.072  -0.733  1.679 -4.025  2.558
1    4      1    tri   574        123  -0.010      0.651   0.459      0.062  -0.021  1.412 -2.789  2.747
2    5      1    tri   698        150   0.087      0.590   0.471      0.056   0.184  1.241 -2.249  2.617
3    6      1    tri   832        180   0.262      0.546   0.472      0.051   0.556  1.133 -1.666  2.777
4    8      1    tri  1108        241   0.378      0.479   0.465      0.045   0.814  1.003 -1.152  2.779
5   10      1    tri  1355        284   0.409      0.435   0.461      0.041   0.887  0.915 -0.907  2.681
6   12      1    tri  1515        339   0.526      0.404   0.454      0.038   1.159  0.858 -0.522  2.840
7   15      1    tri  1711        441   0.621      0.375   0.439      0.034   1.413  0.821 -0.197  3.023
8   20      1    tri  2000        600   0.645      0.348   0.423      0.030   1.522  0.791 -0.029  3.074
9    3      1   unif   424        100  -0.065      0.694   0.435      0.065  -0.151  1.597 -3.280  2.979
10   4      1   unif   574        123   0.022      0.595   0.470      0.057   0.046  1.261 -2.426  2.517
11   5      1   unif   698        150   0.201      0.547   0.479      0.051   0.420  1.125 -1.784  2.624
12   6      1   unif   832        180   0.579      0.508   0.466      0.047   1.244  1.047 -0.809  3.297
13   8      1   unif  1108        241   0.295      0.442   0.447      0.041   0.659  0.966 -1.235  2.553
14  10      1   unif  1355        284   0.674      0.401   0.455      0.038   1.481  0.845 -0.174  3.137
15  12      1   unif  1515        339   0.771      0.376   0.430      0.035   1.793  0.834  0.159  3.428
16  15      1   unif  1711        441   0.745      0.354   0.415      0.031   1.794  0.816  0.196  3.393
17  20      1   unif  2000        600   0.664      0.334   0.407      0.027   1.630  0.792  0.078  3.183
18   3      2    tri   424        100  -0.822      1.115   0.450      0.112  -1.826  2.694 -7.107  3.455
19   4      2    tri   574        123  -0.705      0.963   0.446      0.096  -1.581  2.317 -6.122  2.961
20   5      2    tri   698        150  -0.396      0.854   0.441      0.083  -0.898  2.000 -4.818  3.022
21   6      2    tri   832        180  -0.356      0.778   0.458      0.075  -0.777  1.744 -4.196  2.641
22   8      2    tri  1108        241   0.055      0.677   0.475      0.064   0.116  1.417 -2.660  2.893
23  10      2    tri  1355        284   0.168      0.615   0.472      0.058   0.357  1.285 -2.162  2.875
24  12      2    tri  1515        339   0.124      0.572   0.475      0.053   0.262  1.191 -2.073  2.597
25  15      2    tri  1711        441   0.106      0.538   0.475      0.048   0.223  1.122 -1.976  2.423
26  20      2    tri  2000        600   0.187      0.505   0.463      0.042   0.405  1.077 -1.707  2.517
27   3      2   unif   424        100  -0.804      1.063   0.494      0.105  -1.628  2.303 -6.143  2.887
28   4      2   unif   574        123  -0.055      0.898   0.441      0.088  -0.124  2.035 -4.113  3.865
29   5      2   unif   698        150  -0.098      0.803   0.458      0.077  -0.213  1.760 -3.662  3.235
30   6      2   unif   832        180  -0.172      0.733   0.482      0.070  -0.358  1.536 -3.368  2.653
31   8      2   unif  1108        241   0.489      0.643   0.490      0.060   0.999  1.269 -1.488  3.486
32  10      2   unif  1355        284   0.016      0.581   0.470      0.055   0.034  1.231 -2.378  2.446
33  12      2   unif  1515        339   0.035      0.547   0.488      0.050   0.072  1.116 -2.115  2.259
34  15      2   unif  1711        441   0.160      0.518   0.473      0.045   0.338  1.084 -1.786  2.462
35  20      2   unif  2000        600   0.256      0.491   0.451      0.040   0.567  1.072 -1.533  2.668
