cutoff 56.99464278926244
   kernel   h  n_left  n_right  first_stage  reduced_form  LATT_at_cutoff  boot_se  ci_lo  ci_hi
0     tri   3     208      216        0.397        -0.211          -0.531    2.320 -6.095  3.302
1     tri   4     269      286        0.406        -0.226          -0.556    2.020 -5.355  2.657
2     tri   5     337      343        0.416        -0.102          -0.246    1.571 -3.727  2.641
3     tri   6     396      416        0.403        -0.219          -0.543    1.538 -3.869  1.995
4     tri   8     535      549        0.405        -0.209          -0.516    1.236 -3.167  1.751
5     tri  10     670      678        0.416        -0.089          -0.213    1.073 -2.425  1.711
6     tri  12     793      809        0.432         0.090           0.209    0.981 -1.824  1.957
7     uni   3     208      216        0.393        -0.078          -0.199    2.089 -4.730  3.281
8     uni   4     269      286        0.417        -0.176          -0.422    1.658 -4.097  2.564
9     uni   5     337      343        0.402         0.054           0.136    1.454 -2.735  2.849
10    uni   6     396      416        0.377        -0.594          -1.577    1.447 -4.613  0.973
11    uni   8     535      549        0.416        -0.012          -0.029    1.111 -2.286  1.985
12    uni  10     670      678        0.440         0.090           0.203    0.923 -1.684  1.887
13    uni  12     793      809        0.467         0.499           1.068    0.782 -0.566  2.490
poly p=2 h=12: fs=0.379 rf=-0.523 est=-1.379
poly p=2 h=18: fs=0.459 rf=-0.032 est=-0.069
poly p=3 h=18: fs=0.360 rf=-0.480 est=-1.332
